[history/.dummy_history]
version = 6.2.3
modtime = 1437026588.675899800

[ui-prefs/dashboards]
version = 6.2.3
modtime = 1439254376.569127700

[ui-prefs/search]
version = 6.2.3
modtime = 1439966946.361374400

[savedsearches/Total%20Operator%20Amount%20Keying%20Statistics]
version = 6.2.3
modtime = 1439531481.896405700
